001
002
003
004
005
006
007
008
009
010
011
012
015
017
019
020
023 --> Removed!
028
029
030
034
036
042
043
045
048
051
053
057
058
060
061 --> Removed!
062
063
064
065
066
067
068
069
070
071
072
073
074
075
076
077
078
079
080
081
082
083
084
085
086
087
088
089
090
091
092
093
094
095
096
097
098
099
100
101
102
103
104
105
106
107
108
109
110
111
112
113
114
115
116
117
118
119
120
121
122
123
124
125
126
127
128
129
130
131
132
133
134
135
136
137
138
139
140
141
142
143
144
145
146
147
148
149
156
157
158
159
160
161
162
164
165
166
167
168
169
170
173
179
180
182
183
184
187
188
191
192
194
195
196
199
202
205
206
207
209
218
219
221
222
224
226
229
230
234
239
247
248
