8.000000000000000000e+00
1.100000000000000000e+01
1.800000000000000000e+01
2.800000000000000000e+01
3.800000000000000000e+01
4.900000000000000000e+01
9.300000000000000000e+01
4.150000000000000000e+02
5.770000000000000000e+02
6.600000000000000000e+02
6.970000000000000000e+02
7.220000000000000000e+02
7.280000000000000000e+02
7.510000000000000000e+02
7.700000000000000000e+02
7.990000000000000000e+02
8.010000000000000000e+02
8.040000000000000000e+02
8.180000000000000000e+02
8.250000000000000000e+02
8.280000000000000000e+02
8.360000000000000000e+02
8.410000000000000000e+02
8.480000000000000000e+02
8.650000000000000000e+02
8.790000000000000000e+02
8.920000000000000000e+02
9.000000000000000000e+02
9.140000000000000000e+02
9.880000000000000000e+02
1.006000000000000000e+03
1.036000000000000000e+03
1.084000000000000000e+03
1.135000000000000000e+03
1.183000000000000000e+03
1.231000000000000000e+03
1.250000000000000000e+03
1.273000000000000000e+03
1.279000000000000000e+03
1.282000000000000000e+03
1.285000000000000000e+03
1.296000000000000000e+03
1.299000000000000000e+03
1.305000000000000000e+03
1.306000000000000000e+03
1.309000000000000000e+03
1.312000000000000000e+03
1.321000000000000000e+03
1.328000000000000000e+03
1.329000000000000000e+03
1.333000000000000000e+03
1.335000000000000000e+03
1.336000000000000000e+03
1.356000000000000000e+03
1.369000000000000000e+03
1.376000000000000000e+03
1.377000000000000000e+03
1.389000000000000000e+03
1.417000000000000000e+03
1.418000000000000000e+03
1.422000000000000000e+03
1.437000000000000000e+03
1.473000000000000000e+03
1.822000000000000000e+03
1.977000000000000000e+03
1.999000000000000000e+03
2.065000000000000000e+03
2.143000000000000000e+03
2.153000000000000000e+03
2.169000000000000000e+03
2.191000000000000000e+03
2.199000000000000000e+03
2.205000000000000000e+03
2.208000000000000000e+03
2.209000000000000000e+03
2.218000000000000000e+03
2.239000000000000000e+03
2.289000000000000000e+03
2.350000000000000000e+03
2.385000000000000000e+03
2.422000000000000000e+03
2.448000000000000000e+03
2.551000000000000000e+03
2.575000000000000000e+03
2.583000000000000000e+03
2.585000000000000000e+03
2.593000000000000000e+03
2.611000000000000000e+03
2.617000000000000000e+03
2.623000000000000000e+03
2.631000000000000000e+03
2.642000000000000000e+03
2.645000000000000000e+03
2.652000000000000000e+03
2.656000000000000000e+03
2.665000000000000000e+03
2.674000000000000000e+03
2.679000000000000000e+03
2.697000000000000000e+03
2.733000000000000000e+03
2.749000000000000000e+03
2.764000000000000000e+03
2.781000000000000000e+03
2.802000000000000000e+03
3.183000000000000000e+03
3.225000000000000000e+03
3.273000000000000000e+03
3.321000000000000000e+03
3.357000000000000000e+03
3.361000000000000000e+03
3.376000000000000000e+03
3.409000000000000000e+03
3.457000000000000000e+03
3.495000000000000000e+03
3.505000000000000000e+03
3.520000000000000000e+03
3.535000000000000000e+03
3.552000000000000000e+03
3.555000000000000000e+03
3.561000000000000000e+03
3.568000000000000000e+03
3.590000000000000000e+03
3.609000000000000000e+03
3.612000000000000000e+03
3.631000000000000000e+03
3.753000000000000000e+03
3.792000000000000000e+03
3.799000000000000000e+03
3.801000000000000000e+03
3.805000000000000000e+03
3.823000000000000000e+03
3.840000000000000000e+03
3.853000000000000000e+03
3.919000000000000000e+03
3.961000000000000000e+03
3.989000000000000000e+03
4.000000000000000000e+03
4.014000000000000000e+03
4.015000000000000000e+03
4.070000000000000000e+03
4.079000000000000000e+03
4.089000000000000000e+03
4.105000000000000000e+03
4.115000000000000000e+03
4.119000000000000000e+03
4.137000000000000000e+03
4.317000000000000000e+03
4.465000000000000000e+03
4.513000000000000000e+03
4.617000000000000000e+03
4.624000000000000000e+03
4.657000000000000000e+03
4.665000000000000000e+03
4.801000000000000000e+03
4.809000000000000000e+03
4.816000000000000000e+03
4.857000000000000000e+03
4.879000000000000000e+03
4.905000000000000000e+03
4.927000000000000000e+03
4.947000000000000000e+03
4.951000000000000000e+03
4.974000000000000000e+03
4.975000000000000000e+03
4.993000000000000000e+03
5.041000000000000000e+03
5.049000000000000000e+03
5.056000000000000000e+03
5.097000000000000000e+03
5.145000000000000000e+03
5.162000000000000000e+03
5.167000000000000000e+03
5.193000000000000000e+03
5.233000000000000000e+03
5.245000000000000000e+03
5.263000000000000000e+03
5.300000000000000000e+03
5.321000000000000000e+03
5.337000000000000000e+03
5.344000000000000000e+03
5.411000000000000000e+03
5.422000000000000000e+03
5.433000000000000000e+03
5.449000000000000000e+03
5.459000000000000000e+03
5.473000000000000000e+03
5.961000000000000000e+03
6.049000000000000000e+03
6.105000000000000000e+03
6.144000000000000000e+03
6.145000000000000000e+03
6.153000000000000000e+03
6.223000000000000000e+03
6.249000000000000000e+03
6.265000000000000000e+03
6.337000000000000000e+03
6.367000000000000000e+03
6.385000000000000000e+03
6.393000000000000000e+03
6.441000000000000000e+03
6.463000000000000000e+03
6.471000000000000000e+03
6.489000000000000000e+03
6.511000000000000000e+03
6.585000000000000000e+03
6.607000000000000000e+03
6.615000000000000000e+03
6.633000000000000000e+03
6.649000000000000000e+03
6.681000000000000000e+03
6.703000000000000000e+03
6.709000000000000000e+03
6.711000000000000000e+03
6.777000000000000000e+03
6.793000000000000000e+03
6.825000000000000000e+03
7.353000000000000000e+03
7.545000000000000000e+03
7.561000000000000000e+03
7.567000000000000000e+03
7.572000000000000000e+03
7.575000000000000000e+03
7.585000000000000000e+03
7.593000000000000000e+03
7.601000000000000000e+03
7.641000000000000000e+03
7.649000000000000000e+03
7.689000000000000000e+03
7.696000000000000000e+03
7.767000000000000000e+03
7.807000000000000000e+03
7.855000000000000000e+03
7.872000000000000000e+03
7.881000000000000000e+03
7.924000000000000000e+03
7.951000000000000000e+03
7.977000000000000000e+03
7.984000000000000000e+03
8.008000000000000000e+03
8.025000000000000000e+03
8.055000000000000000e+03
8.056000000000000000e+03
8.073000000000000000e+03
8.121000000000000000e+03
8.137000000000000000e+03
8.169000000000000000e+03
8.649000000000000000e+03
8.697000000000000000e+03
8.713000000000000000e+03
8.761000000000000000e+03
8.785000000000000000e+03
8.793000000000000000e+03
8.815000000000000000e+03
8.825000000000000000e+03
8.841000000000000000e+03
8.844000000000000000e+03
8.857000000000000000e+03
8.889000000000000000e+03
8.892000000000000000e+03
8.896000000000000000e+03
8.937000000000000000e+03
9.033000000000000000e+03
9.111000000000000000e+03
9.125000000000000000e+03
9.146000000000000000e+03
9.225000000000000000e+03
9.247000000000000000e+03
9.252000000000000000e+03
9.295000000000000000e+03
9.300000000000000000e+03
9.303000000000000000e+03
9.305000000000000000e+03
9.328000000000000000e+03
9.332000000000000000e+03
9.349000000000000000e+03
9.358000000000000000e+03
9.376000000000000000e+03
9.390000000000000000e+03
9.391000000000000000e+03
9.400000000000000000e+03
9.424000000000000000e+03
9.439000000000000000e+03
9.444000000000000000e+03
9.446000000000000000e+03
9.447000000000000000e+03
9.448000000000000000e+03
9.465000000000000000e+03
9.479000000000000000e+03
9.505000000000000000e+03
9.993000000000000000e+03
1.007800000000000000e+04
1.011900000000000000e+04
1.012100000000000000e+04
1.012900000000000000e+04
1.013700000000000000e+04
1.015900000000000000e+04
1.016700000000000000e+04
1.016900000000000000e+04
1.017800000000000000e+04
1.018500000000000000e+04
1.018800000000000000e+04
1.019200000000000000e+04
1.020200000000000000e+04
1.020700000000000000e+04
1.022200000000000000e+04
1.023300000000000000e+04
1.024900000000000000e+04
1.028800000000000000e+04
1.031100000000000000e+04
1.032100000000000000e+04
1.037700000000000000e+04
1.045500000000000000e+04
1.047800000000000000e+04
1.049500000000000000e+04
1.052100000000000000e+04
1.054300000000000000e+04
1.056900000000000000e+04
1.059100000000000000e+04
1.060900000000000000e+04
1.063900000000000000e+04
1.064700000000000000e+04
1.064900000000000000e+04
1.068700000000000000e+04
1.069500000000000000e+04
1.073500000000000000e+04
1.075000000000000000e+04
1.079100000000000000e+04
1.080900000000000000e+04
1.082500000000000000e+04
1.092100000000000000e+04
1.128900000000000000e+04
1.132100000000000000e+04
1.140700000000000000e+04
1.144900000000000000e+04
1.145500000000000000e+04
1.148100000000000000e+04
1.149900000000000000e+04
1.150300000000000000e+04
1.152900000000000000e+04
1.155100000000000000e+04
1.159300000000000000e+04
1.159400000000000000e+04
1.165600000000000000e+04
1.167300000000000000e+04
1.172100000000000000e+04
1.176900000000000000e+04
1.181700000000000000e+04
1.182900000000000000e+04
1.183300000000000000e+04
1.186500000000000000e+04
1.191300000000000000e+04
1.193500000000000000e+04
1.196100000000000000e+04
1.196900000000000000e+04
1.198300000000000000e+04
1.199100000000000000e+04
1.199300000000000000e+04
1.200900000000000000e+04
1.201700000000000000e+04
1.202500000000000000e+04
1.203100000000000000e+04
1.203900000000000000e+04
1.205000000000000000e+04
1.207900000000000000e+04
1.208600000000000000e+04
1.208700000000000000e+04
1.209400000000000000e+04
1.209700000000000000e+04
1.213400000000000000e+04
1.213600000000000000e+04
1.213700000000000000e+04
1.215300000000000000e+04
1.216900000000000000e+04
1.223300000000000000e+04
1.263300000000000000e+04
1.268100000000000000e+04
1.272900000000000000e+04
1.275600000000000000e+04
1.276900000000000000e+04
1.279900000000000000e+04
1.280900000000000000e+04
1.282500000000000000e+04
1.284100000000000000e+04
1.285500000000000000e+04
1.286500000000000000e+04
1.287300000000000000e+04
1.287800000000000000e+04
1.288900000000000000e+04
1.289000000000000000e+04
1.289500000000000000e+04
1.290300000000000000e+04
1.292100000000000000e+04
1.294300000000000000e+04
1.299600000000000000e+04
1.300900000000000000e+04
1.308700000000000000e+04
1.311300000000000000e+04
1.316100000000000000e+04
1.318300000000000000e+04
1.320900000000000000e+04
1.325700000000000000e+04
1.329600000000000000e+04
1.330500000000000000e+04
1.332700000000000000e+04
1.333500000000000000e+04
1.335300000000000000e+04
1.336900000000000000e+04
1.337500000000000000e+04
1.338300000000000000e+04
1.340100000000000000e+04
1.342300000000000000e+04
1.343100000000000000e+04
1.343200000000000000e+04
1.344900000000000000e+04
1.345600000000000000e+04
1.347900000000000000e+04
1.348000000000000000e+04
1.349700000000000000e+04
1.351300000000000000e+04
1.352600000000000000e+04
1.354500000000000000e+04
1.357700000000000000e+04
1.359300000000000000e+04
1.364100000000000000e+04
1.401700000000000000e+04
1.406500000000000000e+04
1.407300000000000000e+04
1.409500000000000000e+04
1.410500000000000000e+04
1.411000000000000000e+04
1.411600000000000000e+04
1.415300000000000000e+04
1.415700000000000000e+04
1.416100000000000000e+04
1.416900000000000000e+04
1.419100000000000000e+04
1.420100000000000000e+04
1.421700000000000000e+04
1.423900000000000000e+04
1.426500000000000000e+04
1.428700000000000000e+04
1.429500000000000000e+04
1.433500000000000000e+04
1.448700000000000000e+04
1.456900000000000000e+04
1.459200000000000000e+04
1.467100000000000000e+04
1.468100000000000000e+04
1.471300000000000000e+04
1.472700000000000000e+04
1.474200000000000000e+04
1.476700000000000000e+04
1.477100000000000000e+04
1.477500000000000000e+04
1.478500000000000000e+04
1.479300000000000000e+04
1.482200000000000000e+04
1.482300000000000000e+04
1.482500000000000000e+04
1.484100000000000000e+04
1.492100000000000000e+04
1.536100000000000000e+04
1.540000000000000000e+04
1.548700000000000000e+04
1.554500000000000000e+04
1.557800000000000000e+04
1.558300000000000000e+04
1.559200000000000000e+04
1.561400000000000000e+04
1.587100000000000000e+04
1.588900000000000000e+04
1.596700000000000000e+04
1.600800000000000000e+04
1.602300000000000000e+04
1.604100000000000000e+04
1.605700000000000000e+04
1.606300000000000000e+04
1.607100000000000000e+04
1.608600000000000000e+04
1.611100000000000000e+04
1.611800000000000000e+04
1.611900000000000000e+04
1.613700000000000000e+04
1.614400000000000000e+04
1.615000000000000000e+04
1.617400000000000000e+04
1.618900000000000000e+04
1.619200000000000000e+04
1.620100000000000000e+04
1.620700000000000000e+04
1.678300000000000000e+04
1.680900000000000000e+04
1.685700000000000000e+04
1.686600000000000000e+04
1.687900000000000000e+04
1.690500000000000000e+04
1.694500000000000000e+04
1.694700000000000000e+04
1.695300000000000000e+04
1.697500000000000000e+04
1.719300000000000000e+04
1.724100000000000000e+04
1.728900000000000000e+04
1.731100000000000000e+04
1.733700000000000000e+04
1.735200000000000000e+04
1.735900000000000000e+04
1.736900000000000000e+04
1.737700000000000000e+04
1.738500000000000000e+04
1.739200000000000000e+04
1.740100000000000000e+04
1.740700000000000000e+04
1.741500000000000000e+04
1.741700000000000000e+04
1.742500000000000000e+04
1.742900000000000000e+04
1.743300000000000000e+04
1.744000000000000000e+04
1.745500000000000000e+04
1.746300000000000000e+04
1.747700000000000000e+04
1.748100000000000000e+04
1.748800000000000000e+04
1.751000000000000000e+04
1.751100000000000000e+04
1.751700000000000000e+04
1.752000000000000000e+04
1.755100000000000000e+04
1.755900000000000000e+04
1.810500000000000000e+04
1.813600000000000000e+04
1.815300000000000000e+04
1.818400000000000000e+04
1.820100000000000000e+04
1.821400000000000000e+04
1.822300000000000000e+04
1.824900000000000000e+04
1.826500000000000000e+04
1.827100000000000000e+04
1.827900000000000000e+04
1.828100000000000000e+04
1.829700000000000000e+04
1.858500000000000000e+04
1.863300000000000000e+04
1.865500000000000000e+04
1.866300000000000000e+04
1.867300000000000000e+04
1.869700000000000000e+04
1.871100000000000000e+04
1.871300000000000000e+04
1.872900000000000000e+04
1.874000000000000000e+04
1.874500000000000000e+04
1.875700000000000000e+04
1.875900000000000000e+04
1.876600000000000000e+04
1.876900000000000000e+04
1.877300000000000000e+04
1.877700000000000000e+04
1.878400000000000000e+04
1.879900000000000000e+04
1.880700000000000000e+04
1.880800000000000000e+04
1.882100000000000000e+04
1.882500000000000000e+04
1.883200000000000000e+04
1.884600000000000000e+04
1.885500000000000000e+04
1.887300000000000000e+04
1.888900000000000000e+04
1.944900000000000000e+04
1.949700000000000000e+04
1.953700000000000000e+04
1.954500000000000000e+04
1.957800000000000000e+04
1.959300000000000000e+04
1.960900000000000000e+04
1.962500000000000000e+04
1.967300000000000000e+04
1.990300000000000000e+04
1.992900000000000000e+04
1.997700000000000000e+04
2.004600000000000000e+04
2.005500000000000000e+04
2.007300000000000000e+04
2.008900000000000000e+04
2.010300000000000000e+04
2.012800000000000000e+04
2.014300000000000000e+04
2.015100000000000000e+04
2.016900000000000000e+04
2.021700000000000000e+04
2.074500000000000000e+04
2.079300000000000000e+04
2.084100000000000000e+04
2.087100000000000000e+04
2.088100000000000000e+04
2.088900000000000000e+04
2.090500000000000000e+04
2.093700000000000000e+04
2.132100000000000000e+04
2.134300000000000000e+04
2.143200000000000000e+04
2.143900000000000000e+04
2.147200000000000000e+04
2.148700000000000000e+04
2.149500000000000000e+04
2.151300000000000000e+04
2.152200000000000000e+04
2.156100000000000000e+04
2.208900000000000000e+04
2.213700000000000000e+04
2.218500000000000000e+04
2.223300000000000000e+04
2.228100000000000000e+04
2.230300000000000000e+04
2.273500000000000000e+04
2.277200000000000000e+04
2.278300000000000000e+04
2.278700000000000000e+04
2.278900000000000000e+04
2.279100000000000000e+04
2.283100000000000000e+04
2.283800000000000000e+04
2.284000000000000000e+04
2.285600000000000000e+04
2.288000000000000000e+04
2.348100000000000000e+04
2.352900000000000000e+04
2.362500000000000000e+04
2.405700000000000000e+04
2.407900000000000000e+04
2.412100000000000000e+04
2.412700000000000000e+04
2.413300000000000000e+04
2.413500000000000000e+04
2.416000000000000000e+04
2.418200000000000000e+04
2.418300000000000000e+04
2.418400000000000000e+04
2.424900000000000000e+04
2.482500000000000000e+04
2.487300000000000000e+04
2.535300000000000000e+04
2.542300000000000000e+04
2.546000000000000000e+04
2.547900000000000000e+04
2.548900000000000000e+04
2.551900000000000000e+04
2.552800000000000000e+04
2.631300000000000000e+04
2.632800000000000000e+04
2.669700000000000000e+04
2.674500000000000000e+04
2.676700000000000000e+04
2.677700000000000000e+04
2.679300000000000000e+04
2.681500000000000000e+04
2.682300000000000000e+04
2.683300000000000000e+04
2.686200000000000000e+04
2.686300000000000000e+04
2.687200000000000000e+04
2.688900000000000000e+04
2.750500000000000000e+04
2.751300000000000000e+04
2.756100000000000000e+04
2.764000000000000000e+04
2.820700000000000000e+04
2.823300000000000000e+04
2.825400000000000000e+04
2.885700000000000000e+04
2.890500000000000000e+04
2.942800000000000000e+04
2.949700000000000000e+04
2.955100000000000000e+04
2.956000000000000000e+04
2.957700000000000000e+04
2.959800000000000000e+04
2.962500000000000000e+04
2.965500000000000000e+04
3.020100000000000000e+04
3.052900000000000000e+04
3.077700000000000000e+04
3.089500000000000000e+04
3.092000000000000000e+04
3.093400000000000000e+04
3.095000000000000000e+04
3.187300000000000000e+04
3.220000000000000000e+04
3.220600000000000000e+04
3.221700000000000000e+04
3.224700000000000000e+04
3.227900000000000000e+04
3.229400000000000000e+04
3.234300000000000000e+04
3.254500000000000000e+04
3.293700000000000000e+04
3.308800000000000000e+04
3.321700000000000000e+04
3.326500000000000000e+04
3.331300000000000000e+04
3.361600000000000000e+04
3.363800000000000000e+04
3.390600000000000000e+04
3.393700000000000000e+04
3.395400000000000000e+04
3.451300000000000000e+04
3.452000000000000000e+04
3.453900000000000000e+04
3.456100000000000000e+04
3.458700000000000000e+04
3.465700000000000000e+04
3.470500000000000000e+04
3.471200000000000000e+04
3.485700000000000000e+04
3.486400000000000000e+04
3.489000000000000000e+04
3.490500000000000000e+04
3.493600000000000000e+04
3.495000000000000000e+04
3.496000000000000000e+04
3.496200000000000000e+04
3.496900000000000000e+04
3.497600000000000000e+04
3.498200000000000000e+04
3.498600000000000000e+04
3.500000000000000000e+04
3.500400000000000000e+04
3.501600000000000000e+04
3.501800000000000000e+04
3.503000000000000000e+04
3.527400000000000000e+04
3.528100000000000000e+04
3.532300000000000000e+04
3.532500000000000000e+04
3.537300000000000000e+04
3.559400000000000000e+04
3.564200000000000000e+04
3.569600000000000000e+04
3.570100000000000000e+04
3.571000000000000000e+04
3.580100000000000000e+04
3.582600000000000000e+04
3.584100000000000000e+04
3.585700000000000000e+04
3.587300000000000000e+04
3.587400000000000000e+04
3.588300000000000000e+04
3.590500000000000000e+04
3.591400000000000000e+04
3.593000000000000000e+04
3.595300000000000000e+04
3.596800000000000000e+04
3.597000000000000000e+04
3.597100000000000000e+04
3.600100000000000000e+04
3.601600000000000000e+04
3.601800000000000000e+04
3.601900000000000000e+04
3.602300000000000000e+04
3.602700000000000000e+04
3.603300000000000000e+04
3.604600000000000000e+04
3.604900000000000000e+04
3.607500000000000000e+04
3.609300000000000000e+04
3.613600000000000000e+04
3.614200000000000000e+04
3.619300000000000000e+04
3.620700000000000000e+04
3.620800000000000000e+04
3.620900000000000000e+04
3.621700000000000000e+04
3.623200000000000000e+04
3.623500000000000000e+04
3.624400000000000000e+04
3.625600000000000000e+04
3.626300000000000000e+04
3.627600000000000000e+04
3.627700000000000000e+04
3.628000000000000000e+04
3.628200000000000000e+04
3.628300000000000000e+04
3.629400000000000000e+04
3.631300000000000000e+04
3.631700000000000000e+04
3.631900000000000000e+04
3.632600000000000000e+04
3.633300000000000000e+04
3.635300000000000000e+04
3.641700000000000000e+04
3.654700000000000000e+04
3.659400000000000000e+04
3.664200000000000000e+04
3.692900000000000000e+04
3.702300000000000000e+04
3.702500000000000000e+04
3.707700000000000000e+04
3.711400000000000000e+04
3.714700000000000000e+04
3.717000000000000000e+04
3.719500000000000000e+04
3.720600000000000000e+04
3.721400000000000000e+04
3.721500000000000000e+04
3.722700000000000000e+04
3.722800000000000000e+04
3.723100000000000000e+04
3.726100000000000000e+04
3.727500000000000000e+04
3.729700000000000000e+04
3.731200000000000000e+04
3.731500000000000000e+04
3.731900000000000000e+04
3.732300000000000000e+04
3.732700000000000000e+04
3.734500000000000000e+04
3.735300000000000000e+04
3.736000000000000000e+04
3.736200000000000000e+04
3.736700000000000000e+04
3.737400000000000000e+04
3.737700000000000000e+04
3.737800000000000000e+04
3.738100000000000000e+04
3.738700000000000000e+04
3.738800000000000000e+04
3.739300000000000000e+04
3.739700000000000000e+04
3.740700000000000000e+04
3.741000000000000000e+04
3.741400000000000000e+04
3.741900000000000000e+04
3.742000000000000000e+04
3.743200000000000000e+04
3.746800000000000000e+04
3.748000000000000000e+04
3.753800000000000000e+04
3.755700000000000000e+04
3.756400000000000000e+04
3.756900000000000000e+04
3.758200000000000000e+04
3.758600000000000000e+04
3.758900000000000000e+04
3.760500000000000000e+04
3.760900000000000000e+04
3.761200000000000000e+04
3.761300000000000000e+04
3.762600000000000000e+04
3.763100000000000000e+04
