2.200000000000000000e+01
1.130800000000000000e+05
1.156740000000000000e+05
1.156750000000000000e+05
1.182400000000000000e+05
1.183590000000000000e+05
1.183630000000000000e+05
1.183910000000000000e+05
1.183950000000000000e+05
1.183990000000000000e+05
1.210230000000000000e+05
1.210500000000000000e+05
1.210640000000000000e+05
1.210910000000000000e+05
1.211110000000000000e+05
1.211310000000000000e+05
1.211350000000000000e+05
1.237580000000000000e+05
1.237800000000000000e+05
1.237860000000000000e+05
1.263440000000000000e+05
1.263940000000000000e+05
1.264200000000000000e+05
1.264250000000000000e+05
1.264330000000000000e+05
1.264380000000000000e+05
1.264390000000000000e+05
1.264400000000000000e+05
1.264630000000000000e+05
1.264640000000000000e+05
1.264720000000000000e+05
1.264740000000000000e+05
1.265030000000000000e+05
1.265070000000000000e+05
1.265090000000000000e+05
1.265110000000000000e+05
1.265180000000000000e+05
1.265220000000000000e+05
1.289330000000000000e+05
1.289510000000000000e+05
1.289590000000000000e+05
1.289630000000000000e+05
1.289690000000000000e+05
1.289760000000000000e+05
1.289850000000000000e+05
1.289990000000000000e+05
1.290030000000000000e+05
1.290660000000000000e+05
1.290780000000000000e+05
1.290890000000000000e+05
1.290900000000000000e+05
1.290950000000000000e+05
1.290960000000000000e+05
1.291010000000000000e+05
1.291030000000000000e+05
1.291110000000000000e+05
1.291150000000000000e+05
1.291210000000000000e+05
1.291230000000000000e+05
1.291280000000000000e+05
1.291290000000000000e+05
1.291330000000000000e+05
1.291420000000000000e+05
1.291430000000000000e+05
1.291470000000000000e+05
1.291510000000000000e+05
1.291560000000000000e+05
1.291580000000000000e+05
1.291600000000000000e+05
1.291610000000000000e+05
1.291620000000000000e+05
1.291690000000000000e+05
1.291760000000000000e+05
1.291970000000000000e+05
1.291980000000000000e+05
1.291990000000000000e+05
1.292070000000000000e+05
1.292100000000000000e+05
1.292350000000000000e+05
1.292370000000000000e+05
1.316130000000000000e+05
1.316150000000000000e+05
1.316310000000000000e+05
1.316320000000000000e+05
1.316340000000000000e+05
1.316390000000000000e+05
1.316470000000000000e+05
1.316550000000000000e+05
1.316630000000000000e+05
1.316650000000000000e+05
1.316870000000000000e+05
1.316910000000000000e+05
1.316920000000000000e+05
1.316990000000000000e+05
1.317000000000000000e+05
1.317030000000000000e+05
1.317060000000000000e+05
1.317080000000000000e+05
1.317100000000000000e+05
1.317540000000000000e+05
1.317870000000000000e+05
1.317910000000000000e+05
1.317920000000000000e+05
1.318070000000000000e+05
1.318120000000000000e+05
1.318160000000000000e+05
1.318180000000000000e+05
1.318190000000000000e+05
1.318210000000000000e+05
1.318250000000000000e+05
1.318260000000000000e+05
1.318350000000000000e+05
1.318370000000000000e+05
1.318390000000000000e+05
1.318440000000000000e+05
1.318490000000000000e+05
1.318500000000000000e+05
1.318590000000000000e+05
1.318610000000000000e+05
1.318640000000000000e+05
1.318700000000000000e+05
1.318850000000000000e+05
1.318870000000000000e+05
1.318940000000000000e+05
1.318950000000000000e+05
1.318960000000000000e+05
1.319300000000000000e+05
1.319330000000000000e+05
1.319340000000000000e+05
1.319430000000000000e+05
1.319750000000000000e+05
1.319920000000000000e+05
1.342480000000000000e+05
1.342630000000000000e+05
1.342790000000000000e+05
1.342870000000000000e+05
1.342890000000000000e+05
1.342950000000000000e+05
1.343010000000000000e+05
1.343070000000000000e+05
1.343100000000000000e+05
1.343200000000000000e+05
1.343270000000000000e+05
1.343280000000000000e+05
1.343310000000000000e+05
1.343330000000000000e+05
1.343350000000000000e+05
1.343390000000000000e+05
1.343430000000000000e+05
1.343460000000000000e+05
1.343470000000000000e+05
1.343490000000000000e+05
1.343540000000000000e+05
1.343570000000000000e+05
1.343630000000000000e+05
1.343710000000000000e+05
1.343750000000000000e+05
1.343770000000000000e+05
1.343790000000000000e+05
1.343810000000000000e+05
1.343830000000000000e+05
1.343850000000000000e+05
1.343880000000000000e+05
1.343910000000000000e+05
1.343920000000000000e+05
1.343990000000000000e+05
1.344260000000000000e+05
1.344780000000000000e+05
1.344790000000000000e+05
1.344850000000000000e+05
1.344980000000000000e+05
1.345010000000000000e+05
1.345120000000000000e+05
1.345190000000000000e+05
1.345230000000000000e+05
1.345250000000000000e+05
1.345270000000000000e+05
1.345280000000000000e+05
1.345330000000000000e+05
1.345340000000000000e+05
1.345370000000000000e+05
1.345470000000000000e+05
1.345580000000000000e+05
1.345590000000000000e+05
1.345630000000000000e+05
1.345650000000000000e+05
1.345660000000000000e+05
1.345670000000000000e+05
1.345710000000000000e+05
1.345730000000000000e+05
1.345750000000000000e+05
1.345760000000000000e+05
1.345820000000000000e+05
1.345830000000000000e+05
1.345850000000000000e+05
1.345860000000000000e+05
1.345890000000000000e+05
1.345900000000000000e+05
1.346060000000000000e+05
1.346130000000000000e+05
1.346150000000000000e+05
1.346210000000000000e+05
1.346220000000000000e+05
1.346230000000000000e+05
1.346300000000000000e+05
1.346320000000000000e+05
1.346330000000000000e+05
1.346340000000000000e+05
1.346370000000000000e+05
1.346390000000000000e+05
1.346690000000000000e+05
1.369480000000000000e+05
1.369490000000000000e+05
1.369510000000000000e+05
1.369560000000000000e+05
1.369630000000000000e+05
1.369730000000000000e+05
1.369850000000000000e+05
1.369880000000000000e+05
1.370040000000000000e+05
1.370080000000000000e+05
1.370180000000000000e+05
1.370190000000000000e+05
1.370220000000000000e+05
1.370230000000000000e+05
1.370260000000000000e+05
1.370300000000000000e+05
1.370310000000000000e+05
1.370360000000000000e+05
1.370450000000000000e+05
1.370470000000000000e+05
1.370480000000000000e+05
1.370490000000000000e+05
1.370510000000000000e+05
1.370560000000000000e+05
1.370590000000000000e+05
1.370600000000000000e+05
1.370710000000000000e+05
1.370720000000000000e+05
1.370800000000000000e+05
1.370820000000000000e+05
1.370870000000000000e+05
1.371580000000000000e+05
1.371660000000000000e+05
1.371910000000000000e+05
1.372060000000000000e+05
1.372130000000000000e+05
1.372140000000000000e+05
1.372150000000000000e+05
1.372200000000000000e+05
1.372250000000000000e+05
1.372340000000000000e+05
1.372370000000000000e+05
1.372420000000000000e+05
1.372450000000000000e+05
1.372460000000000000e+05
1.372510000000000000e+05
1.372530000000000000e+05
1.372550000000000000e+05
1.372570000000000000e+05
1.372590000000000000e+05
1.372610000000000000e+05
1.372620000000000000e+05
1.372630000000000000e+05
1.372670000000000000e+05
1.372720000000000000e+05
1.372730000000000000e+05
1.372740000000000000e+05
1.372760000000000000e+05
1.372780000000000000e+05
1.372850000000000000e+05
1.372920000000000000e+05
1.372930000000000000e+05
1.372940000000000000e+05
1.372950000000000000e+05
1.372980000000000000e+05
1.372990000000000000e+05
1.373010000000000000e+05
1.373030000000000000e+05
1.373090000000000000e+05
1.373100000000000000e+05
1.373110000000000000e+05
1.373130000000000000e+05
1.373140000000000000e+05
1.373180000000000000e+05
1.373190000000000000e+05
1.373220000000000000e+05
1.373240000000000000e+05
1.373330000000000000e+05
1.373420000000000000e+05
1.373470000000000000e+05
1.373500000000000000e+05
1.373570000000000000e+05
1.373580000000000000e+05
1.373700000000000000e+05
1.392000000000000000e+05
1.393700000000000000e+05
1.393740000000000000e+05
1.396070000000000000e+05
1.396150000000000000e+05
1.396220000000000000e+05
1.396250000000000000e+05
1.396360000000000000e+05
1.396420000000000000e+05
1.396470000000000000e+05
1.396510000000000000e+05
1.396550000000000000e+05
1.396650000000000000e+05
1.396730000000000000e+05
1.396740000000000000e+05
1.396760000000000000e+05
1.396830000000000000e+05
1.396850000000000000e+05
1.396860000000000000e+05
1.396940000000000000e+05
1.396960000000000000e+05
1.397070000000000000e+05
1.397090000000000000e+05
1.397100000000000000e+05
1.397110000000000000e+05
1.397150000000000000e+05
1.397230000000000000e+05
1.397240000000000000e+05
1.397330000000000000e+05
1.397350000000000000e+05
1.397430000000000000e+05
1.397480000000000000e+05
1.397530000000000000e+05
1.397570000000000000e+05
1.397630000000000000e+05
1.397680000000000000e+05
1.397700000000000000e+05
1.397710000000000000e+05
1.397720000000000000e+05
1.397880000000000000e+05
1.398470000000000000e+05
1.398550000000000000e+05
1.398640000000000000e+05
1.398950000000000000e+05
1.399200000000000000e+05
1.399240000000000000e+05
1.399280000000000000e+05
1.399350000000000000e+05
1.399420000000000000e+05
1.399470000000000000e+05
1.399490000000000000e+05
1.399500000000000000e+05
1.399510000000000000e+05
1.399710000000000000e+05
1.399730000000000000e+05
1.399740000000000000e+05
1.399750000000000000e+05
1.399800000000000000e+05
1.399820000000000000e+05
1.399870000000000000e+05
1.399890000000000000e+05
1.399910000000000000e+05
1.399940000000000000e+05
1.399970000000000000e+05
1.399980000000000000e+05
1.400030000000000000e+05
1.400070000000000000e+05
1.400080000000000000e+05
1.400090000000000000e+05
1.400100000000000000e+05
1.400190000000000000e+05
1.400210000000000000e+05
1.400300000000000000e+05
1.400350000000000000e+05
1.400370000000000000e+05
1.400390000000000000e+05
1.400420000000000000e+05
1.400430000000000000e+05
1.400450000000000000e+05
1.400460000000000000e+05
1.400540000000000000e+05
1.400550000000000000e+05
1.400560000000000000e+05
1.400570000000000000e+05
1.400640000000000000e+05
1.400690000000000000e+05
1.400830000000000000e+05
1.400930000000000000e+05
1.400950000000000000e+05
1.401060000000000000e+05
1.417850000000000000e+05
1.419070000000000000e+05
1.420030000000000000e+05
1.420060000000000000e+05
1.420370000000000000e+05
1.420380000000000000e+05
1.421060000000000000e+05
1.421220000000000000e+05
1.422770000000000000e+05
1.422780000000000000e+05
1.422900000000000000e+05
1.422910000000000000e+05
1.423020000000000000e+05
1.423130000000000000e+05
1.423250000000000000e+05
1.423300000000000000e+05
1.423320000000000000e+05
1.423430000000000000e+05
1.423460000000000000e+05
1.423490000000000000e+05
1.423500000000000000e+05
1.423510000000000000e+05
1.423530000000000000e+05
1.423620000000000000e+05
1.423640000000000000e+05
1.423760000000000000e+05
1.423780000000000000e+05
1.423840000000000000e+05
1.423870000000000000e+05
1.423880000000000000e+05
1.423890000000000000e+05
1.423910000000000000e+05
1.424030000000000000e+05
1.424100000000000000e+05
1.424110000000000000e+05
1.424470000000000000e+05
1.424580000000000000e+05
1.424600000000000000e+05
1.424900000000000000e+05
1.424940000000000000e+05
1.424950000000000000e+05
1.424970000000000000e+05
1.425150000000000000e+05
1.425420000000000000e+05
1.425430000000000000e+05
1.425520000000000000e+05
1.425690000000000000e+05
1.425790000000000000e+05
1.425860000000000000e+05
1.425870000000000000e+05
1.425890000000000000e+05
1.426200000000000000e+05
1.426210000000000000e+05
1.426260000000000000e+05
1.426310000000000000e+05
1.426350000000000000e+05
1.426370000000000000e+05
1.426380000000000000e+05
1.426390000000000000e+05
1.426410000000000000e+05
1.426570000000000000e+05
1.426600000000000000e+05
1.426610000000000000e+05
1.426640000000000000e+05
1.426690000000000000e+05
1.426750000000000000e+05
1.426770000000000000e+05
1.426800000000000000e+05
1.426830000000000000e+05
1.426850000000000000e+05
1.426860000000000000e+05
1.426870000000000000e+05
1.426940000000000000e+05
1.426970000000000000e+05
1.426980000000000000e+05
1.427080000000000000e+05
1.427090000000000000e+05
1.427170000000000000e+05
1.427220000000000000e+05
1.427230000000000000e+05
1.427250000000000000e+05
1.427260000000000000e+05
1.427270000000000000e+05
1.427310000000000000e+05
1.427330000000000000e+05
1.427340000000000000e+05
1.427350000000000000e+05
1.427420000000000000e+05
1.427460000000000000e+05
1.427490000000000000e+05
1.427520000000000000e+05
1.427570000000000000e+05
1.427660000000000000e+05
1.427680000000000000e+05
1.427710000000000000e+05
1.427730000000000000e+05
1.427790000000000000e+05
1.427830000000000000e+05
1.427930000000000000e+05
1.427940000000000000e+05
1.428310000000000000e+05
1.428790000000000000e+05
1.444790000000000000e+05
1.446070000000000000e+05
1.446110000000000000e+05
1.446790000000000000e+05
1.447250000000000000e+05
1.448560000000000000e+05
1.448870000000000000e+05
1.448930000000000000e+05
1.449170000000000000e+05
1.449650000000000000e+05
1.449750000000000000e+05
1.449780000000000000e+05
1.449860000000000000e+05
1.449890000000000000e+05
1.449900000000000000e+05
1.450010000000000000e+05
1.450050000000000000e+05
1.450130000000000000e+05
1.450150000000000000e+05
1.450200000000000000e+05
1.450260000000000000e+05
1.450270000000000000e+05
1.450340000000000000e+05
1.450370000000000000e+05
1.450380000000000000e+05
1.450390000000000000e+05
1.450410000000000000e+05
1.450560000000000000e+05
1.450570000000000000e+05
1.450630000000000000e+05
1.450640000000000000e+05
1.450690000000000000e+05
1.450750000000000000e+05
1.450790000000000000e+05
1.450810000000000000e+05
1.450850000000000000e+05
1.450870000000000000e+05
1.450880000000000000e+05
1.450890000000000000e+05
1.450940000000000000e+05
1.451010000000000000e+05
1.451050000000000000e+05
1.451070000000000000e+05
1.451080000000000000e+05
1.451110000000000000e+05
1.451140000000000000e+05
1.451170000000000000e+05
1.451190000000000000e+05
1.451210000000000000e+05
1.451270000000000000e+05
1.451310000000000000e+05
1.451330000000000000e+05
1.451350000000000000e+05
1.451400000000000000e+05
1.451410000000000000e+05
1.451460000000000000e+05
1.451510000000000000e+05
1.451590000000000000e+05
1.451640000000000000e+05
1.451720000000000000e+05
1.451840000000000000e+05
1.452050000000000000e+05
1.452220000000000000e+05
1.452260000000000000e+05
1.452310000000000000e+05
1.452320000000000000e+05
1.452670000000000000e+05
1.452710000000000000e+05
1.452740000000000000e+05
1.452750000000000000e+05
1.452780000000000000e+05
1.452790000000000000e+05
1.452800000000000000e+05
1.452860000000000000e+05
1.453230000000000000e+05
1.453250000000000000e+05
1.453260000000000000e+05
1.453290000000000000e+05
1.453370000000000000e+05
1.453440000000000000e+05
1.453630000000000000e+05
1.453710000000000000e+05
1.453730000000000000e+05
1.453750000000000000e+05
1.454050000000000000e+05
1.454060000000000000e+05
1.454080000000000000e+05
1.454110000000000000e+05
1.454130000000000000e+05
1.454210000000000000e+05
1.454220000000000000e+05
1.454230000000000000e+05
1.454240000000000000e+05
1.454300000000000000e+05
1.454310000000000000e+05
1.454330000000000000e+05
1.454340000000000000e+05
1.454450000000000000e+05
1.454520000000000000e+05
1.454540000000000000e+05
1.454610000000000000e+05
1.454630000000000000e+05
1.454710000000000000e+05
1.454720000000000000e+05
1.454800000000000000e+05
1.454810000000000000e+05
1.454820000000000000e+05
1.454880000000000000e+05
1.454930000000000000e+05
1.455070000000000000e+05
1.455090000000000000e+05
1.455170000000000000e+05
1.455670000000000000e+05
1.456730000000000000e+05
1.457400000000000000e+05
1.458370000000000000e+05
1.472400000000000000e+05
1.472780000000000000e+05
1.472960000000000000e+05
1.473190000000000000e+05
1.473650000000000000e+05
1.474850000000000000e+05
1.475230000000000000e+05
1.475330000000000000e+05
1.475450000000000000e+05
1.475550000000000000e+05
1.475570000000000000e+05
1.475730000000000000e+05
1.476000000000000000e+05
1.476130000000000000e+05
1.476220000000000000e+05
1.476230000000000000e+05
1.476260000000000000e+05
1.476300000000000000e+05
1.476330000000000000e+05
1.476490000000000000e+05
1.476530000000000000e+05
1.476660000000000000e+05
1.476670000000000000e+05
1.476680000000000000e+05
1.476690000000000000e+05
1.476700000000000000e+05
1.476740000000000000e+05
1.476780000000000000e+05
1.476790000000000000e+05
1.476880000000000000e+05
1.476900000000000000e+05
1.476940000000000000e+05
1.477010000000000000e+05
1.477040000000000000e+05
1.477100000000000000e+05
1.477140000000000000e+05
1.477150000000000000e+05
1.477160000000000000e+05
1.477170000000000000e+05
1.477180000000000000e+05
1.477220000000000000e+05
1.477250000000000000e+05
1.477260000000000000e+05
1.477270000000000000e+05
1.477290000000000000e+05
1.477300000000000000e+05
1.477320000000000000e+05
1.477370000000000000e+05
1.477410000000000000e+05
1.477460000000000000e+05
1.477480000000000000e+05
1.477490000000000000e+05
1.477570000000000000e+05
1.477590000000000000e+05
1.477630000000000000e+05
1.477640000000000000e+05
1.477700000000000000e+05
1.477710000000000000e+05
1.477730000000000000e+05
1.477740000000000000e+05
1.477780000000000000e+05
1.477830000000000000e+05
1.477860000000000000e+05
1.477940000000000000e+05
1.478000000000000000e+05
1.478090000000000000e+05
1.478130000000000000e+05
1.478190000000000000e+05
1.478200000000000000e+05
1.478210000000000000e+05
1.478240000000000000e+05
1.478270000000000000e+05
1.478310000000000000e+05
1.478720000000000000e+05
1.479050000000000000e+05
1.479060000000000000e+05
1.479120000000000000e+05
1.479140000000000000e+05
1.479160000000000000e+05
1.479180000000000000e+05
1.479210000000000000e+05
1.479460000000000000e+05
1.479510000000000000e+05
1.479530000000000000e+05
1.479580000000000000e+05
1.479670000000000000e+05
1.479770000000000000e+05
1.479940000000000000e+05
1.480070000000000000e+05
1.480110000000000000e+05
1.480150000000000000e+05
1.480220000000000000e+05
1.480250000000000000e+05
1.480260000000000000e+05
1.480320000000000000e+05
1.480590000000000000e+05
1.480610000000000000e+05
1.480730000000000000e+05
1.480930000000000000e+05
1.481210000000000000e+05
1.481340000000000000e+05
1.481490000000000000e+05
1.481500000000000000e+05
1.481540000000000000e+05
1.481570000000000000e+05
1.481590000000000000e+05
1.481600000000000000e+05
1.481810000000000000e+05
1.481890000000000000e+05
1.482030000000000000e+05
1.482140000000000000e+05
1.482240000000000000e+05
1.482910000000000000e+05
1.484470000000000000e+05
1.484480000000000000e+05
1.498010000000000000e+05
1.498340000000000000e+05
1.498550000000000000e+05
1.498930000000000000e+05
1.499370000000000000e+05
1.499650000000000000e+05
1.502210000000000000e+05
1.502450000000000000e+05
1.502590000000000000e+05
1.502610000000000000e+05
1.502630000000000000e+05
1.502640000000000000e+05
1.502700000000000000e+05
1.502880000000000000e+05
1.503140000000000000e+05
1.503150000000000000e+05
1.503170000000000000e+05
1.503180000000000000e+05
1.503300000000000000e+05
1.503350000000000000e+05
1.503360000000000000e+05
1.503410000000000000e+05
1.503520000000000000e+05
1.503550000000000000e+05
1.503560000000000000e+05
1.503570000000000000e+05
1.503580000000000000e+05
1.503590000000000000e+05
1.503650000000000000e+05
1.503660000000000000e+05
1.503770000000000000e+05
1.503780000000000000e+05
1.503830000000000000e+05
1.503910000000000000e+05
1.504020000000000000e+05
1.504050000000000000e+05
1.504070000000000000e+05
1.504100000000000000e+05
1.504130000000000000e+05
1.504140000000000000e+05
1.504160000000000000e+05
1.504240000000000000e+05
1.504260000000000000e+05
1.504320000000000000e+05
1.504380000000000000e+05
1.504400000000000000e+05
1.504480000000000000e+05
1.504510000000000000e+05
1.504590000000000000e+05
1.504610000000000000e+05
1.504620000000000000e+05
1.504630000000000000e+05
1.504720000000000000e+05
1.504730000000000000e+05
1.504740000000000000e+05
1.504800000000000000e+05
1.504830000000000000e+05
1.504850000000000000e+05
1.504870000000000000e+05
1.504960000000000000e+05
1.505000000000000000e+05
1.505010000000000000e+05
1.505080000000000000e+05
1.505120000000000000e+05
1.505210000000000000e+05
